-9.950994     -0.0374 
-9.909975      0.021 
-9.868955      6.840001E-03 
-9.827934     -0.015 
-9.786915      0.01292 
-9.745895      0.05556 
-9.704875      0.02724 
-9.663855     -0.06804 
-9.622835     -8.920001E-03 
-9.581816      0.05684 
-9.540795     -0.00604 
-9.499775     -0.04932 
-9.458755      0.03708 
-9.417736      0.03892 
-9.376716     -0.01116 
-9.335695      0.01996 
-9.294676     -0.03764 
-9.253656     -0.10236 
-9.212636     -0.06084 
-9.171616     -0.02524 
-9.130596     -0.05452 
-9.089577     -0.01332 
-9.048556     -0.02396 
-9.007536     -0.023 
-8.966516      0.0258 
-8.925497     -0.03652 
-8.884477      5.484001E-02 
-8.843456     -2.027999E-02 
-8.802437      0.02684 
-8.761417      0.01684 
-8.720397     -0.03956 
-8.679377      0.00116 
-8.638357     -0.04876 
-8.597338     -0.02212 
-8.556317      0.06172 
-8.515297      6.035999E-02 
-8.474277      0.01628 
-8.433258      0.02548 
-8.392238      0.01364 
-8.351217      0.03892 
-8.310198      6.404001E-02 
-8.269178      6.243999E-02 
-8.228158     -0.01284 
-8.187138     -0.0554 
-8.146118     -2.920001E-03 
-8.105099      0.04748 
-8.064078      0.01564 
-8.023058      0.02324 
-7.982038      0.05332 
-7.941019      8.179999E-02 
-7.899999     -6.80002E-04 
-7.860029     -0.0742 
-7.820059     -0.07892 
-7.780089      0.04364 
-7.740119     -0.0054 
-7.700149      0.02972 
-7.660179      0.02932 
-7.620209     -0.01948 
-7.580239      5.635999E-02 
-7.540269      8.116001E-02 
-7.500299     -0.00364 
-7.46033       0.01476 
-7.42036       9.079999E-03 
-7.380389      0.023 
-7.340419      2.347999E-02 
-7.300449     -6.747999E-02 
-7.260479      0.05996 
-7.22051       0.0322 
-7.18054       0.01116 
-7.14057       0.0826 
-7.1006        0.01612 
-7.06063      -0.05004 
-7.02066      -0.05172 
-6.98069      -7.080002E-03 
-6.94072       3.419999E-02 
-6.90075      -4.643999E-02 
-6.86078       0.06956 
-6.82081       0.12444 
-6.78084       0.11412 
-6.74087       0.13212 
-6.700901      7.443999E-02 
-6.660931      0.09124 
-6.620961      0.03036 
-6.580991      9.099999E-02 
-6.541021     -0.00284 
-6.501051     -0.01036 
-6.461081      0.00388 
-6.421111      0.031 
-6.381141      0.08684 
-6.341171      0.12828 
-6.301201      0.1298 
-6.261231      0.15572 
-6.221261      0.11932 
-6.181291      0.0866 
-6.141321      0.03244 
-6.101351      0.0274 
-6.061381      0.04756 
-6.021411     -3.959999E-03 
-5.981441     -7.275999E-02 
-5.941472      0.0706 
-5.901502      0.15764 
-5.861552      4.243999E-02 
-5.821601      5.971999E-02 
-5.781651      8.428001E-02 
-5.741702      0.07652 
-5.701751      0.08356 
-5.661801      0.08876 
-5.621851      0.14172 
-5.581901      0.08836 
-5.541951      2.199996E-03 
-5.502001     -0.025 
-5.462051      0.11188 
-5.422101      7.240001E-03 
-5.382151      0.041 
-5.342201      4.820001E-02 
-5.302251      0.08588 
-5.2623        0.0494 
-5.222351      0.123 
-5.182401      0.0646 
-5.14245       0.14076 
-5.1025        0.13188 
-5.06255       0.00732 
-5.0226        0.0382 
-4.98265       0.06964 
-4.9427        0.031 
-4.90275       0.12644 
-4.8628        0.20556 
-4.82285       0.1318 
-4.7829        0.04588 
-4.74295       2.519998E-03 
-4.703         0.03492 
-4.66305       0.17188 
-4.623099      8.228001E-02 
-4.583149      0.09436 
-4.5432        0.11284 
-4.503249      0.11796 
-4.463299      0.09036 
-4.423349      0.07972 
-4.383399      0.11468 
-4.343449      0.15932 
-4.303499      0.1178 
-4.263549      0.1642 
-4.223599      0.12108 
-4.183649      0.1058 
-4.143699      0.17444 
-4.103749      0.15548 
-4.063798      0.20612 
-4.023849      0.30612 
-3.983898      0.179 
-3.943949      0.13212 
-3.903998      0.10468 
-3.864218      0.087 
-3.824438      0.13636 
-3.784658      0.13412 
-3.744879      0.1514 
-3.705098      0.1478 
-3.665318      0.14676 
-3.625539      0.15764 
-3.585758      0.16116 
-3.545979      0.17028 
-3.506199      0.11692 
-3.466419      0.22044 
-3.426639      0.17564 
-3.386859      0.15036 
-3.347079      0.18036 
-3.307299      0.09108 
-3.267519      0.1234 
-3.227739      0.19812 
-3.187959      0.145 
-3.148179      0.09516 
-3.108399      0.21292 
-3.068619      0.11124 
-3.028839      0.04804 
-2.989059      0.1346 
-2.949279      0.21676 
-2.909499      0.08084 
-2.869719      8.859999E-02 
-2.829939      6.684001E-02 
-2.790159      8.988001E-02 
-2.750379      8.812001E-02 
-2.710599      0.12004 
-2.670819      0.06868 
-2.631039      0.15884 
-2.591259      0.1158 
-2.551479      0.183 
-2.511699      0.23084 
-2.471919      0.1254 
-2.432139      0.15244 
-2.392359      0.16484 
-2.352579      0.2122 
-2.312799      0.21756 
-2.273019      0.10652 
-2.233239      0.07876 
-2.193459      0.14692 
-2.153679      0.09748 
-2.113899      0.15708 
-2.074119      0.14868 
-2.034339      0.19124 
-1.994559      0.25364 
-1.954779      0.16084 
-1.914999      0.15428 
-1.874099      0.16092 
-1.833199      0.10028 
-1.792299      0.12132 
-1.751399      0.15252 
-1.710499      0.12468 
-1.669599      0.11788 
-1.628699      0.1066 
-1.587799      5.259999E-02 
-1.546899      0.09428 
-1.505999      0.11164 
-1.4651        8.932001E-02 
-1.4242        0.14844 
-1.3833        0.21956 
-1.3424        0.12668 
-1.3015        0.13124 
-1.2606        0.09684 
-1.2197        0.15244 
-1.1788        0.18332 
-1.1379        0.18692 
-1.097         0.14844 
-1.0561        0.11228 
-1.0152        0.12972 
-0.9742997     9.739999E-02 
-0.9333997     0.16292 
-0.8924997     0.16316 
-0.8515997     0.20876 
-0.8106998     0.12396 
-0.7697998     0.19036 
-0.7288998     0.18204 
-0.6879998     0.2274 
-0.6470998     0.30812 
-0.6061998     0.27092 
-0.5652998     0.34876 
-0.5243998     0.29596 
-0.4834999     0.32164 
-0.4425999     0.43284 
-0.4016999     0.5222 
-0.3607999     0.5722 
-0.3198999     0.5833201 
-0.2789999     0.5477201 
-0.2380999     0.59356 
-0.1971999     0.6350001 
-0.1562999     0.5846801 
-0.1154        0.46532 
-7.449998E-02                0.35308 
-0.0336        0.23452 
 7.299991E-03                0.13916 
 4.819998E-02               -0.05884 
 8.909997E-02               -0.10836 
 0.13         -0.18948 
 0.16969      -0.25148 
 0.20938      -0.32796 
 0.24907      -0.51436 
 0.28876      -0.59212 
 0.32845      -0.51316 
 0.36814      -0.53372 
 0.40783      -0.5741999 
 0.44752      -0.5582799 
 0.48721      -0.54852 
 0.5269       -0.48084 
 0.56659      -0.3726 
 0.60628      -0.389 
 0.64597      -0.31796 
 0.6856601    -0.24732 
 0.72535      -0.25236 
 0.76504      -0.18436 
 0.8047301    -0.13804 
 0.8444201    -0.18876 
 0.8841101    -0.21092 
 0.9238001    -0.10636 
 0.9634901    -0.13868 
 1.00318      -0.13756 
 1.04287      -0.12348 
 1.08256      -0.15132 
 1.12225      -0.16244 
 1.16194      -0.20108 
 1.20163      -0.21892 
 1.24132      -0.23876 
 1.28101      -8.803999E-02 
 1.3207       -0.16108 
 1.36039      -0.14444 
 1.40008      -0.05844 
 1.43977      -0.11508 
 1.47946      -0.1478 
 1.51915      -0.13644 
 1.55884      -9.692001E-02 
 1.59853      -0.11268 
 1.63822      -0.04524 
 1.67791      -0.10044 
 1.7176       -0.21436 
 1.75729      -0.18676 
 1.79698      -0.17308 
 1.83667      -0.11908 
 1.87636      -0.11452 
 1.91605      -0.13476 
 1.95574      -0.11316 
 1.99543      -0.08612 
 2.03512      -0.06372 
 2.07481      -0.1346 
 2.1145       -0.19092 
 2.15448      -0.17308 
 2.19446      -0.13892 
 2.23444      -0.19604 
 2.27442      -0.18716 
 2.3144       -0.2114 
 2.35438      -0.26044 
 2.39436      -0.18044 
 2.43434      -0.09524 
 2.47432       0.01108 
 2.5143       -0.1286 
 2.55428      -0.18364 
 2.59426      -0.22028 
 2.63424      -0.1238 
 2.67422      -0.09244 
 2.7142       -0.15908 
 2.75418      -0.18748 
 2.79416      -0.16756 
 2.83414      -0.16924 
 2.87412      -8.771999E-02 
 2.9141       -0.24628 
 2.95408      -0.21596 
 2.994061     -0.10172 
 3.03404      -0.1446 
 3.07402      -0.16604 
 3.114        -0.02796 
 3.15398      -0.12668 
 3.19396      -0.17836 
 3.23394      -0.1594 
 3.273921     -0.11012 
 3.3139       -0.19068 
 3.35388      -0.18884 
 3.393861     -0.13844 
 3.433841     -0.15404 
 3.47382      -0.2634 
 3.513801     -0.21596 
 3.553781     -0.103 
 3.59376      -0.18716 
 3.63374      -0.20324 
 3.673721     -5.188001E-02 
 3.713701     -0.29412 
 3.75368      -0.18404 
 3.793661     -8.091999E-02 
 3.833641     -8.811999E-02 
 3.873621     -0.06452 
 3.9136       -0.20732 
 3.953581     -0.14748 
 3.993561     -0.28916 
 4.033541     -0.20284 
 4.073521     -0.18804 
 4.113501     -0.12564 
 4.1537       -0.13404 
 4.193901     -0.16156 
 4.2341       -5.611999E-02 
 4.274301     -0.18068 
 4.3145       -0.16396 
 4.354701     -0.1122 
 4.3949       -7.139999E-02 
 4.435101     -0.13484 
 4.4753       -5.803999E-02 
 4.515501     -0.04284 
 4.5557       -0.10724 
 4.595901      0.10996 
 4.6361       -0.13364 
 4.676301      1.720003E-03 
 4.7165        0.23516 
 4.756701      0.48516 
 4.7969        0.1322 
 4.837101     -0.01284 
 4.8773       -0.1866 
 4.9175        0.3534 
 4.9577       -0.29148 
 4.9979       -0.17396 
 5.0381       -0.14764 
 5.0783       -0.18524 
 5.1185        0.37836 
 5.1587       -0.223 
 5.1989       -0.33772 
 5.2391       -0.31052 
 5.2793       -0.1442 
 5.3195       -0.06028 
 5.3597       -0.19708 
 5.3999        0.041 
 5.4401       -0.12276 
 5.4803       -0.0802 
 5.5205       -0.0422 
 5.5607       -0.07108 
 5.6009        0.01356 
 5.6411       -0.055 
 5.6813       -0.00612 
 5.7215       -0.03764 
 5.7617       -0.03404 
 5.8019       -3.160003E-03 
 5.8421       -0.05548 
 5.8823       -9.867999E-02 
 5.9225       -9.651999E-02 
 5.9627       -0.08404 
 6.0029       -9.059999E-02 
 6.0431       -0.03972 
 6.0833       -0.0766 
 6.1235       -0.02732 
 6.16364      -8.372001E-02 
 6.20378      -0.0338 
 6.24392       0.035 
 6.28406      -0.01572 
 6.3242       -4.563999E-02 
 6.36434       0.02092 
 6.40448      -6.315999E-02 
 6.444621     -0.04116 
 6.484761      0.04028 
 6.5249       -0.02732 
 6.565041     -0.04724 
 6.605181     -0.04652 
 6.645321     -0.1394 
 6.685461     -7.539999E-02 
 6.725601      3.319999E-03 
 6.765741     -0.023 
 6.805881     -6.371998E-02 
 6.846021     -0.00788 
 6.886161     -0.04436 
 6.926301      0.05956 
 6.966442     -4.400001E-04 
 7.006581     -0.00756 
 7.046721     -0.11212 
 7.086862     -0.0198 
 7.127002      0.01396 
 7.167142     -5.387999E-02 
 7.207282     -0.01652 
 7.247422     -0.07844 
 7.287562      7.719999E-03 
 7.327702      8.999999E-03 
 7.367842     -0.01804 
 7.407982     -0.0138 
 7.448123      3.719999E-03 
 7.488263     -0.09548 
 7.528402     -0.02884 
 7.568542     -0.02092 
 7.608683     -0.01892 
 7.648823     -5.284001E-02 
 7.688963     -5.443999E-02 
 7.729103      0.0174 
 7.769243      0.00372 
 7.809383      6.000001E-04 
 7.849523      0.01692 
 7.889663      5.235999E-02 
 7.929803     -0.0266 
 7.969944     -0.04668 
 8.010083     -4.515999E-02 
 8.050223      0.0246 
 8.090364     -0.02356 
 8.130504      0.0174 
 8.170733      0.03124 
 8.210963     -0.05716 
 8.251193     -0.0082 
 8.291423     -0.06172 
 8.331654     -0.03524 
 8.371883     -4.732001E-02 
 8.412113      0.0134 
 8.452343      0.04636 
 8.492573     -0.04276 
 8.532803     -1.080001E-03 
 8.573032      0.0374 
 8.613262     -0.02348 
 8.653493     -0.02124 
 8.693723     -0.03588 
 8.733953     -8.040002E-03 
 8.774182      0.09644 
 8.814412     -0.01684 
 8.854642     -0.04044 
 8.894872     -0.03756 
 8.935102     -4.396001E-02 
 8.975332      5.400002E-03 
 9.015562      0.0314 
 9.055792      0.00828 
 9.096022     -4.396001E-02 
 9.136251     -3.380001E-02 
 9.176481      0.02764 
 9.216711     -6.679999E-03 
 9.256941     -0.00916 
 9.297171     -0.02196 
 9.337401      0.01236 
 9.377631     -0.04652 
 9.417861      0.035 
 9.458091      0.01548 
 9.498321     -0.00572 
 9.53855       3.979999E-02 
 9.57878       0.05196 
 9.61901      -0.04956 
 9.659241     -3.179999E-02 
 9.699471     -0.0186 
 9.7397       -0.01956 
 9.77993      -0.04236 
 9.82016       0.06292 
 9.86039       0.02116 
 9.90062      -0.01452 
 9.940849     -6.803999E-02 
 9.98108      -0.0298 
 10.02131      0.03596 
 10.06154      9.480001E-03 
 10.10177      0.02892 
 10.142       -4.307999E-02 
